7440
2521
3763
8753
738
2730
4098
8824
6207
311
4505
2465
6396
4647
6658
2916
517
5545
2248
3254
6688
1897
3403
4090
9243
4087
7589
349
1238
1028
4505
6831
5570
6275
3524
8873
4860
4436
5000
2737
3986
7473
2683
2762
6153
6104
6502
3629
4436
2839
6671
1922
7639
2690
3813
7929
3673
4711
7739
8961
9999
2467
5354
7594
2224
1341
1935
9961
1563
5563
2615
5000
8790
9795
6957
9492
2015
5590
2532
2506
4974
7965
7583
8204
7856
4684
1256
3366
2079
4404
4341
25
1386
2782
9924
1589
8024
518
1667
2910
9868
6448
2043
7658
4172
4210
3370
8718
3207
8127
4076
4494
9138
4942
9379
6893
2317
2613
9202
1762
4924
4639
2629
6994
1386
8476
9949
6039
7131
822
244
3379
9480
662
5812
196
1606
7446
7248
3481
4897
6553
7559
9706
2957
8533
3533
6599
8850
3459
1185
9336
307
8949
9042
4602
3326
698
1454
2765
1890
7320
9545
2103
7539
5344
3622
5390
1199
2402
4622
707
9852
2450
2609
3993
950
5967
4153
7686
5261
7089
7697
1674
8105
3699
3889
5896
6600
3487
4334
1251
4072
5705
5898
4559
6144
4144
2030
7541
3631
5787
3351
8034
7003
1951
4367
5454
9533
6171
7895
1239
1910
9569
6548
7630
8835
5551
8971
8928
206
8507
1831
2138
230
2587
1873
9522
5231
5118
9373
722
6843
4439
2177
746
4633
6391
7372
4381
2026
7511
3504
6270
9262
2673
7905
6547
9378
1996
5312
8307
5262
6087
5659
9084
2657
2641
9193
8651
9024
6998
6823
5950
7898
6651
2405
9092
6532
7391
2090
7126
6173
133
3268
404
1970
1007
113
5586
4837
7156
8797
9192
9191
4727
7458
4932
1215
2615
4259
6771
1994
9491
8402
2778
292
3976
3225
5816
4380
7672
5006
1741
2005
313
5530
2251
7790
3871
1741
6656
3410
4496
9141
7996
6128
4269
3155
8049
8253
5693
7485
1416
471
9412
3770
6013
4150
3972
9749
6185
6210
1501
3322
1338
8407
5548
2855
4293
2668
9027
9115
4245
5164
6371
7627
5618
3115
6216
1905
9352
6922
6327
2435
4915
6321
8093
6283
2002
8861
7982
1605
4094
7500
1875
3760
1434
1741
1988
4366
8730
3677
4387
5667
7355
3060
8849
1904
4687
4909
4161
3288
8543
955
7179
3895
7857
4565
9791
9139
6550
6875
2302
6276
7203
4537
761
2625
7996
9491
7374
189
8623
5668
7559
8119
4963
2602
2820
4944
1723
7301
1129
7109
220
5389
8592
9435
4143
6443
2998
2998
2686
7445
6691
503
7313
9989
2589
1664
7220
9923
973
5584
7039
126
7970
204
136
9677
9417
8308
8173
9881
1352
2069
5865
1198
9434
23
7242
9680
3434
8141
9187
7144
6359
301
1328
3806
1054
1937
6216
9834
4550
4504
8114
3456
9750
4417
7594
373
4383
5597
5305
8786
225
2804
2964
5410
530
8213
1720
8931
5936
682
8278
2821
3879
6179
7818
4964
5864
2403
3248
5108
2246
3254
4008
1425
4554
5473
6284
8912
4245
6934
6338
6302
8372
1543
7111
6599
377
5388
5737
55
1802
3556
1056
9483
5941
8489
6827
9981
5091
9557
3937
4730
937
6038
4409
1957
3575
3783
9489
5003
7184
9875
6567
8465
607
5920
17
9914
7657
96
3732
5385
4138
305
4760
1005
3704
4982
3511
3547
3020
8224
7962
2362
703
8495
9556
9986
2125
4071
7073
9153
252
4229
5590
9958
641
3247
375
8307
9680
3641
1412
4684
5263
6295
9148
4934
6053
592
5156
9109
4792
1141
1839
4012
7716
670
47
3368
2050
3184
6062
5250
8700
4950
1442
8650
2275
1046
7446
4973
8314
126
9913
7241
6905
8745
3822
9271
709
2902
3418
4461
8920
852
1159
8428
1597
4994
3308
8827
6503
6815
2875
9354
1352
8107
1008
5619
487
5226
340
4371
3776
9797
3046
1672
3714
7328
1024
4146
8495
7628
4204
5111
2299
7631
3484
5397
8279
1642
3022
8765
7673
2102
3806
6289
9919
9609
378
1860
2414
6369
6943
3612
3091
9961
4145
2837
4782
5405
8845
96
6091
5314
3555
8810
5980
1090
1389
4665
837
2052
1899
9346
2465
6137
2246
5217
8263
3144
4429
2529
9613
1958
7769
2121
5052
2240
849
6022
914
5241
5721
8379
3585
9941
1146
4722
3372
7915
4759
9640
9380
6051
2399
4100
9506
9991
7882
4818
7007
8727
3249
7445
815
8875
2411
5250
8966
3287
8331
9973
5524
7984
951
2011
4244
7116
6868
7744
9412
3908
9545
6485
6300
3700
6079
7701
7671
9125
49
2176
6315
4343
9962
1557
463
9434
8285
4118
2999
7486
3517
6051
6220
9090
3710
2179
3352
1291
2355
6641
8704
8732
8912
7333
9432
7802
8466
2099
3372
4443
7868
6190
6411
8736
4440
3038
4256
5334
5160
2282
7722
5688
2938
4390
8613
1273
4589
695
7931
8177
9157
980
2104
7408
6608
2733
2868
1236
4588
4899
9956
4025
2398
2085
492
434
8285
4919
246
142
6621
5392
654
2429
1884
9116
9622
2604
7498
755
7761
6915
2203
6209
2987
7614
2550
4153
1076
6792
5386
5387
3989
6982
6678
3503
9071
2756
1157
6287
3025
7338
9996
9553
214
8989
3966
9429
7764
9215
2412
3383
8320
5665
8347
5314
3857
3233
5008
9043
4210
6215
706
1528
6662
253
6659
6895
6739
9687
3323
5785
3641
8265
5637
803
6084
8139
66
2988
4754
6628
5680
5793
6529
1362
2957
4550
9530
8685
6644
1767
4396
4380
3353
6417
4185
6817
7416
9703
2483
366
4263
9370
7557
3455
4835
578
2903
8157
1147
2434
9925
7697
9195
3248
9193
9370
7409
2911
5049
8463
4856
2954
1667
8853
7058
8677
531
1375
4478
8542
9990
696
9744
4330
5772
48
1983
6181
8157
8297
3527
3311
3848
7113
7656
7094
7510
6580
5696
8729
1366
7820
530
5551
7019
6471
4642
3643
5509
5077
3290
773
215
6230
1880
1000
5225
3196
3808
9184
5468
4635
577
8789
8765
5166
4289
6139
5335
2720
7282
1282
3492
5075
6445
2134
6118
9810
5223
7892
6060
2685
2163
3688
5353
402
3080
4673
923
8776
2067
5110
6209
376
5619
2111
6778
1580
7481
9220
2853
3045
7095
8077
1783
8193
1764
5231
113
9224
3052
5548
1418
5441
9158
9057
3045
6179
6760
4060
663
818
3951
9215
5977
8752
4377
5754
8957
3066
435
3401
5241
2548
7454
1565
1601
2846
2363
1133
1839
8961
7728
3231
6540
3771
5352
9200
4480
4003
9292
9210
6641
9711
9412
2933
2705
3285
2507
393
6482
3526
3459
9827
6625
3994
9050
6711
9239
3876
796
1563
1704
792
9383
6071
6994
8855
888
2207
1623
6538
6295
2858
3743
110
1472
5521
6812
5033
6613
8255
2580
7856
6662
5467
432
9381
7347
9141
7154
2187
1302
1129
1630
8542
593
4465
9751
8138
9893
4668
4159
9803
4175
9160
5762
8727
9285
9517
1003
8917
3466
6589
8280
358
3380
957
3628
1901
8247
4550
4563
3377
3892
5856
9256
5059
5209
8291
434
3543
7619
224
3698
2209
559
8635
2455
9682
5335
3811
5763
4868
9825
9404
8662
9408
5559
5105
5812
5032
9084
2019
5090
9394
1391
2731
1382
3370
271
6033
3807
2763
7410
9545
6466
8971
9198
2344
7709
1380
6001
1202
3426
1320
5384
1265
4366
1430
4688
4140
843
2615
3601
7350
2675
4452
9914
9012
7777
2453
6754
7854
7863
1200
8651
3827
3957
1945
1635
2630
2553
4469
932
1232
4415
3970
4801
9033
2915
6136
1235
4123
9792
6933
7677
5571
2499
9676
6397
6546
3638
6367
5588
6507
2209
5858
1929
483
6539
9997
7500
1344
3060
1463
6552
1595
2755
2890
8531
7262
7597
7767
8222
7290
9207
9477
7869
1782
4490
901
1611
3478
6190
122
3554
3821
9483
1230
1363
1388
1030
2913
311
9933
4075
9315
2021
188
9990
3114
1791
8896
6618
6437
8772
4546
6750
9931
9437
1879
2390
2243
4399
5855
9759
3327
9833
7744
2454
6438
7207
8337
7637
2424
8629
7631
1825
9356
3330
8486
7325
63
6814
405
6923
6089
4168
9749
3845
9638
4127
7589
4369
7094
6808
4728
1435
8476
2038
5187
4773
7904
1771
7296
1218
4491
5397
5317
3464
2821
9873
5296
1661
111
2863
1239
1611
3221
5626
5899
6679
3249
3644
5722
7456
4049
2570
9801
7350
6769
9389
4138
3549
4201
3329
2574
2941
9715
9174
7843
8091
9624
6171
3388
98
9074
1586
5993
358
2412
3808
8401
8236
4655
7584
7643
4343
9734
5701
9461
2829
3320
2065
4661
1946
6618
1774
5239
1480
7131
6258
8688
3966
2451
2274
7923
7975
323
4331
8860
341
7939
6966
3853
5994
2965
1973
8544
8399
544
7659
5683
9974
6187
7980
7935
4944
8374
5455
531
4622
9816
9273
2655
303
9154
1206
5590
7060
5901
4677
6679
7137
8039
9842
4570
7041
3659
6110
4838
1166
9868
5818
251
1439
7286
8192
6569
8405
706
4135
5547
7434
8545
7071
6739
5111
2743
1400
7424
9275
7453
1727
8689
1750
953
8215
6875
321
7481
9733
5474
4546
7378
771
2979
1019
8920
6651
3000
5478
8414
2696
9748
3993
1961
2230
2523
8079
6071
6439
6477
6674
985
4352
8073
2005
7853
3265
7486
641
2382
3397
8409
877
7361
7164
5027
3011
1181
7317
3274
9343
5013
5391
5557
6125
2807
4533
7204
8616
8731
6564
9787
8257
161
4063
5996
5014
202
2100
4219
5043
2727
7562
9727
5976
8741
4463
1865
8035
5788
3913
1260
1275
1709
1457
613
6898
1004
6118
1605
6750
6664
9787
6214
1591
4370
5706
2365
431
2503
6692
7417
9128
1353
3515
7088
1248
5746
7930
8401
2892
7013
588
9244
5064
2339
4194
4354
6082
1864
5150
571
2806
6046
8298
8179
5337
4047
6175
6037
5941
5798
5617
2059
454
7404
2211
5310
539
9401
4902
2724
3652
9509
4405
4459
7852
6344
9253
1562
7269
5315
4716
1535
2795
5702
5488
2386
3813
9709
5326
3205
6293
4345
4151
8997
6676
5976
424
6243
5343
1591
6982
2995
5597
3309
4609
9414
6108
6069
8466
3262
8679
4416
7454
8822
6002
5758
120
3941
3009
9978
8130
5630
1751
322
4200
8386
7571
6889
7405
7073
123
8206
1429
2761
5392
5025
2551
4550
9907
2282
739
3658
1976
2190
3267
571
7430
2905
5251
3712
9245
5995
1499
5866
4529
6970
5050
3013
7093
8489
6953
7104
188
6506
7585
958
1458
9914
79
4675
1994
2878
1426
8090
1347
6497
450
9992
2379
2379
5934
7009
7391
6757
5795
3513
1183
1497
5363
7370
5335
4998
7335
5480
6958
1415
9480
8545
6414
3985
5685
555
7492
9158
5287
7631
9020
1547
7384
4972
3626
6113
2557
4374
1020
4151
7433
1509
8968
3848
6210
2042
6515
8960
2450
3176
2917
2292
2690
1139
9438
1566
649
3773
2450
2098
4567
5443
3941
2739
9883
1000
5027
8480
3083
3108
1537
3697
891
1343
3226
8070
7582
6557
2462
231
1226
1239
7655
8954
1760
1013
9323
6424
3269
1816
8623
6993
1829
9755
7760
9662
3998
5163
7902
5230
2097
7757
7519
6293
5824
1839
9683
115
748
5999
8458
167
9046
6747
8429
7168
2058
1638
9061
6749
5667
6372
4048
6014
5513
8038
9548
6377
1677
7042
9967
5198
731
3976
3419
4410
3367
2495
9199
9790
2254
2348
7366
8091
8050
5997
8071
6926
9563
1403
1441
1126
716
2782
2736
2367
2275
5245
8502
1841
764
1366
8790
1984
3794
7482
8024
5651
8573
5634
3829
1651
8425
2196
1048
1076
1717
4547
7251
4784
2533
5413
3382
4693
4781
871
8597
2358
649
1556
3615
5023
6171
3507
3814
2032
3211
7277
4191
1909
2421
374
1301
2234
930
7939
4906
4855
72
3244
5082
8440
9924
8336
9427
4648
1324
7826
835
5966
6085
8360
3624
8659
9002
6791
6826
303
998
8699
5159
572
9308
7733
699
2413
6114
4093
3375
6863
2161
5599
7632
9409
5258
2336
3859
9011
3376
4477
9767
6009
3833
8824
2469
1754
7186
8199
3722
6768
5367
995
5913
1612
2296
3433
5619
2096
9610
787
8900
9362
6642
273
4039
4792
2328
6216
2670
3155
4985
3429
1747
10
4722
8664
8433
6769
388
2159
1768
8874
7898
7380
5083
9605
4715
5700
9897
6243
1759
3111
2975
6815
6348
7514
9393
2200
9955
7190
8697
6856
5261
6141
3666
4457
1046
1851
1508
5032
2898
8062
7630
7839
7821
2024
961
6130
7436
3147
7431
2055
5174
4335
7407
7496
1702
1391
4370
7961
6404
6178
1811
402
6473
7313
6126
3970
2261
6711
7383
4256
54
8323
4688
4188
9732
2938
7286
9951
4133
6623
5736
5561
7902
5995
8141
3736
9216
1509
9819
4414
2927
364
9020
4072
5578
4080
9331
1872
8983
5730
256
2298
2147
2541
7672
6194
1184
1076
4334
8523
4753
3182
2536
8813
5093
6297
1907
3824
4440
3391
8128
7443
2425
574
221
8704
8998
1653
6521
6880
2583
1721
6631
7200
5575
3352
1244
7223
1488
75
2025
3974
8247
8037
4737
6438
9514
6351
8063
5498
2801
8151
6954
1553
7595
190
2457
9930
9359
4077
1791
6715
3318
3495
3636
1510
7143
2869
5400
2474
3468
4485
4352
8859
7978
9735
1706
8896
9631
1630
4376
3462
1303
328
6408
5055
5844
3535
8757
7191
8084
8227
3627
1680
836
5926
8799
9668
3095
2882
2237
2891
9127
2491
218
4024
9292
3107
8436
1776
210
3187
3371
9535
2344
4301
4979
191
2609
3442
3447
6380
2439
4238
49
5510
5490
768
6792
8682
5593
1333
1413
5856
400
761
6426
9590
8491
3736
8110
6636
8153
8539
5343
543
3018
9718
8238
6619
5281
7054
2552
7066
6215
4243
7482
1492
5795
3642
6921
7246
8243
5094
709
4374
4350
3679
6266
2846
7090
2033
5384
5562
3650
3995
885
7694
6253
387
2046
4759
1482
5797
9842
8255
138
7885
3091
2674
6561
7253
4567
281
8416
7739
9820
7503
8114
2768
8931
5963
1145
3170
5887
9375
3748
5544
3733
8240
7889
8680
9932
206
1119
2806
2115
4395
2854
1378
5888
850
4381
732
1850
3510
8145
7381
6951
9447
8538
2761
6269
1811
3396
6901
5988
5353
1229
8355
5502
8026
5987
1168
6888
8733
7557
3494
2679
5426
1093
4614
6203
6624
9110
3696
9413
8226
9870
3215
5965
2914
7304
4079
2263
7087
3960
3312
6624
27
2164
6263
9526
8692
3220
4611
5450
6885
2362
4475
201
5296
754
8730
2155
2522
4254
5896
2636
2994
3785
8368
4017
2054
4027
1089
7618
1109
9786
5557
7350
3731
9897
2284
6230
5708
2226
7161
9231
2728
6972
2936
8532
4900
2674
606
3922
4804
5814
110
2660
1541
5164
4056
1588
3333
7802
3697
5446
4103
3480
1461
2326
6787
9099
4151
678
5817
8690
2631
1251
3035
5606
6758
9814
8123
2995
3539
454
4024
7529
8394
5292
8362
7841
7049
4691
5983
5621
1977
1696
2774
90
7624
474
3360
2043
5663
6581
804
1739
4298
9820
4845
5892
5391
4771
4334
6614
3882
4324
2174
9305
9267
4751
7491
2894
9814
8602
6015
534
8042
7204
3204
4406
9627
3890
2527
9002
1337
6267
8978
6831
6721
4281
1116
7005
3919
4707
3770
3476
6908
4525
4724
7525
8559
3845
7371
5185
254
3254
1627
6659
3086
8914
468
2478
8346
9861
7005
5023
7802
8078
7701
5639
7670
5110
2684
7595
9455
7602
2849
1112
6378
2542
6305
2040
3504
5515
2420
8045
8146
5097
399
4194
3196
4507
6070
3658
6062
6483
5322
6022
6243
9673
3934
5839
553
2073
3291
7389
755
2998
7807
4362
78
3130
2663
4075
8727
2434
6430
9678
1773
8013
8568
6963
1839
9947
5638
2995
2216
3377
2544
6073
6909
5350
974
7884
6841
394
3816
4801
7163
391
7699
6832
3612
7079
4595
5094
8227
4776
7181
4034
1705
1662
1496
3452
9506
9919
2160
1631
114
6710
6945
9523
6100
9734
7744
7913
9204
9278
9049
2109
2147
4158
9457
1862
7160
4918
1342
26
7366
7884
908
4281
3397
253
2368
9171
4445
7429
8247
8385
8604
1753
6159
3933
1284
9274
3391
8009
1410
1527
611
8698
5112
8843
7934
8768
1996
8969
6996
1546
4229
7735
6688
9018
871
2913
194
6614
4546
9651
1337
1285
1458
1213
4294
1673
8126
1631
4037
1448
8899
2490
2625
763
754
8343
9046
4032
1352
4131
3533
7060
9021
2398
2633
5012
5886
3485
6037
4454
611
3015
7214
3747
4772
1343
8974
2753
2775
1101
5656
3677
8997
268
8527
2984
410
1939
7357
2852
3630
1897
5385
1554
7426
8927
1675
3491
4907
7569
2316
5463
3879
2371
9298
9372
9768
9350
5752
5784
3958
2690
1239
7826
3470
1104
690
9817
377
9953
3320
8058
7835
7561
1965
716
7973
4223
6047
4159
6841
8154
1892
3155
4761
4473
7357
2792
6516
378
4038
1075
870
5587
8261
4602
1968
6732
8586
3641
8317
3690
4692
5670
4052
6628
2544
3868
1161
2527
336
5737
8271
6489
1886
5675
1162
3045
4299
2664
5841
9624
2774
7600
2398
6101
7215
5798
7251
1926
5200
1003
4617
6134
7044
8182
1155
3862
7859
5636
5450
5405
8483
7123
7741
7543
9972
8688
5902
6996
7093
6225
5761
9178
9991
9703
5356
511
1953
6977
2496
2086
9061
4064
4100
661
1739
8571
6683
5818
6431
4135
9042
5850
7818
2254
551
8765
9374
123
4434
5924
4497
7832
7957
2510
5452
5404
4562
7806
1541
5012
3253
3749
6704
5983
7388
1255
3941
156
6442
1437
5650
2701
8123
9570
1515
8850
8115
8376
1879
237
2477
163
5244
1333
8189
3992
3091
3846
8547
9430
288
932
6895
3415
2755
1609
9480
355
5675
1124
2551
1939
8713
5851
2601
81
435
8621
6856
3833
891
4681
9383
9667
3349
5232
5293
1421
3165
5098
8327
7285
7393
9281
7939
1985
2816
4418
3972
3988
8181
1477
4191
1738
2792
3803
8435
4293
8773
4831
4484
309
1915
6724
6823
2998
7184
7903
1556
9435
7491
1782
1260
1706
9396
5700
3426
3524
839
1494
142
9375
5773
2889
8489
1563
5465
7747
9066
8291
1497
1162
9464
980
4920
8124
3922
7933
6660
4260
59
4167
2109
2958
4599
7045
1016
9718
2390
1000
793
9159
4681
913
7012
6744
1815
9824
6320
7814
9490
7737
626
4188
7439
8698
963
3221
3107
7199
5987
1343
7070
4129
5361
7547
2480
3761
9371
9218
3490
5491
6244
3833
6432
4239
8473
4018
9895
3977
1968
5527
2028
9459
6799
4248
3478
6539
5100
2389
2890
1920
5145
8110
1118
6859
6671
1250
7770
4733
2594
7376
2250
8563
9697
332
5072
7290
3311
2517
9793
302
2442
7685
7272
2348
2785
7870
4999
8318
4035
719
1245
3843
8220
2737
6919
3624
8713
5703
679
4751
1215
4026
7810
4766
1286
5971
818
8353
3070
2497
7922
848
6229
392
6633
3173
169
3128
2429
9398
9704
2617
8097
6396
4055
6098
8773
3813
640
9098
6101
4537
9853
2183
1881
4383
6970
9007
9815
4517
9655
6757
8454
2126
9754
3548
5928
8952
8395
4431
679
8744
7621
4196
782
4955
2869
3067
2694
1713
984
3124
8031
6691
3124
8981
2144
6389
6960
8403
3628
6059
1116
5290
1975
2086
8876
4871
3710
4676
9827
6148
1247
9319
4899
3215
5065
6822
716
8763
1317
1465
58
3273
4189
89
2789
3841
94
8109
5328
9679
8357
2550
9344
4332
9677
8048
9607
2942
740
3197
3996
658
7931
779
2241
3620
541
5029
9652
1283
5246
5747
4956
7870
1256
8431
4645
151
1119
2178
117
3612
7107
5561
3789
3301
1478
1047
5371
5393
9138
5348
1299
1295
4167
6887
3925
8768
1045
4364
5348
7061
9328
4005
2165
1541
3441
5640
2414
8876
782
5544
8333
5100
1890
8166
6828
6674
3444
6400
2837
3267
2021
1237
2910
3305
8334
8631
6371
1362
5412
5283
7042
4087
9990
3565
5671
1770
3850
9151
6422
5373
6142
1076
2623
3252
116
4327
1873
4060
8081
397
9704
7494
1044
4668
6991
1036
5687
7007
4568
3779
7462
2579
8573
3227
2770
2236
3689
5564
7126
5132
1082
6600
932
6948
6942
7195
9246
5426
5737
1080
6156
3448
5066
5537
9103
6512
2462
1370
3203
6684
3238
1301
349
8589
5170
3232
4921
4298
8466
1660
2401
477
5897
1643
4405
5309
4779
6925
7224
7991
5736
8981
2260
8815
268
2330
5518
6443
292
9633
9011
6399
9401
9858
1190
3003
3133
649
600
1306
3552
2784
1097
627
7223
9464
7728
4631
4728
4204
3571
4495
2167
2756
950
4626
4141
2813
4625
6174
2100
3323
9881
4357
2334
7213
6077
2211
4987
4926
8388
2121
9468
6023
4874
7418
9039
146
7252
73
7342
4946
3033
692
4128
6216
7722
8320
6113
9016
1402
7771
2484
8677
8688
2481
396
4583
2683
2315
767
7109
5013
5269
1732
5115
4592
3495
8270
6970
2999
4285
9660
2749
2230
1865
221
7397
9197
3587
2357
1910
2651
6463
6629
2945
8333
2225
8221
9713
691
1111
1584
860
1067
1624
3584
2999
7626
6603
7144
9865
1122
5155
6565
6110
5873
2112
818
2208
317
6436
4259
8115
5496
5124
8639
9615
7258
7037
175
8473
9396
7399
8975
1965
501
9797
8937
6932
9160
6476
2619
925
2790
4529
4331
7563
5600
9167
3334
265
9764
7770
2333
7777
945
7219
3480
3793
7767
643
6333
1152
6915
2573
3625
3185
4286
6570
2624
7394
1671
7437
5229
2759
528
5584
9841
200
7838
6229
8536
6557
3416
2516
5114
5835
9890
3904
2382
1855
956
5449
2238
5865
6925
5693
7564
1962
507
1911
7787
6880
2768
5721
8370
341
7299
703
2006
2544
8468
5222
4620
2074
3214
6561
7155
6195
7738
4228
8706
6661
5139
7750
2572
966
4544
4616
8537
919
2148
903
7511
546
7802
1499
6168
4896
1616
1184
5275
3476
4530
3922
6220
8459
6948
5725
7797
1649
2888
8275
1601
2163
8199
6760
6675
4036
9497
9322
7009
1088
1627
7527
8716
6558
1495
2200
4426
9001
2325
4093
8317
7813
1354
5130
8707
5572
8287
1216
1216
5483
442
4907
8667
3846
5226
9293
521
2060
1465
1614
4553
2379
5518
3000
5814
7825
880
8293
723
7473
8051
6635
3399
7063
6057
8622
7052
5201
672
4485
2777
8269
7149
9848
9822
5544
3555
479
5912
3622
5599
8376
6891
8924
6121
9887
3838
7820
2373
2305
8634
2057
6344
3487
2664
3617
8676
7281
4424
214
2596
4001
1702
7864
1598
6958
5598
3511
5168
3444
8496
1856
8763
4606
4117
8393
8512
5852
8747
3457
5895
7637
1816
3518
3679
9974
4702
2213
1225
7492
3602
2693
3500
3467
7568
3720
2382
2295
7304
5005
4961
1661
203
9659
2663
6593
3501
7735
6329
9336
6199
5015
447
1861
1898
6687
3220
7027
9600
2231
8190
3161
9859
2037
9822
319
8351
2716
7309
1809
4903
4765
6046
1001
7130
4321
8711
9759
5442
5402
9029
4750
7138
3371
4528
6885
5675
2446
9450
4787
361
2943
6866
6590
8119
8079
5657
5401
3083
60
4158
5293
969
541
9864
8329
291
8809
47
6831
8650
4577
9815
5765
9963
1337
8218
4004
9097
920
9910
6619
4761
2547
6253
3994
2047
7470
2372
7613
440
1330
788
3196
5231
7127
3109
5137
9863
4757
5361
665
5532
1442
6920
4621
2958
3049
6452
5453
3635
3922
3013
8161
1922
2336
6225
2155
7391
3404
4257
7022
3860
1845
2903
2186
7795
85
4029
5134
4831
1432
862
2658
6323
2137
5989
6002
1044
1425
3967
7654
7712
8826
989
1531
2533
2450
4902
1303
811
9140
1698
6536
5920
7144
8436
4818
8523
7727
2624
3941
1324
1726
7043
1580
6253
5406
9773
9523
6524
8053
42
3250
4447
9746
7178
7298
4910
309
2624
7980
5304
2437
8631
7548
439
9248
3021
2403
6377
6841
312
3005
5555
7077
489
1451
122
4363
8889
4436
1666
4280
1850
9028
1932
4555
8167
1370
7664
2069
714
9281
6608
9122
8728
1761
7529
6035
485
2635
9418
7460
8963
6072
7278
4894
5822
8356
6800
834
5084
3248
7225
1137
3589
3983
2938
6734
743
9323
8007
6648
8250
4654
714
412
50
1280
9489
8867
9532
8202
426
6280
6766
3117
4659
3641
5731
4336
7289
4336
5753
1868
8493
9229
1733
3497
5373
8630
8783
1812
1009
5580
1506
1198
3806
7833
6572
5178
592
3063
3155
6655
5109
4771
2764
7581
9965
451
8129
4095
2618
8223
1871
4833
4104
9658
8088
8020
5119
5808
663
2124
1265
7861
5852
2116
4961
3866
6431
1222
9550
4549
5565
1170
2374
7353
4564
6011
142
3498
8024
4710
8879
4616
5204
5362
5085
6029
4747
2956
1051
937
6083
9410
9371
1208
9473
2361
9291
2687
7406
8819
2804
516
7835
6676
8192
6046
812
8554
1868
7559
4131
8231
7317
3698
9590
2884
1415
7039
7957
1342
7672
2321
8503
5017
2006
5885
2745
902
5432
8111
9469
7701
5435
7582
9241
9575
5365
7392
213
4775
8256
5778
1783
8747
5327
3063
2352
7210
4579
9877
2971
6350
8236
4700
6854
2647
3755
1290
8504
9446
1856
3526
6402
9147
2143
2730
3295
4590
9022
9099
979
4023
4995
5251
9566
7197
9236
4499
6749
5646
8470
2123
4208
9863
2253
7088
4490
5750
582
3071
8377
5071
1755
2296
5713
9924
4185
3576
283
8566
3913
3780
6224
5504
1060
3545
9671
9951
7144
7432
3613
3348
7781
2068
8941
3447
9434
668
3527
4508
8744
2059
6401
1423
2139
4425
4615
7275
5988
2610
8377
7128
4440
5451
2571
9804
6412
4595
3948
2532
5588
7613
8656
254
5519
274
8670
6520
7765
5505
8501
1864
3344
1415
4561
7577
2309
4217
5174
8129
2670
688
3264
3531
1417
1737
3193
2275
8566
8413
3522
1735
5228
1411
3322
6871
9609
1271
9281
6756
4226
1712
5519
9851
4562
2147
4088
9217
2916
7840
1408
1592
9121
6281
3077
9769
6084
7396
4885
9377
9181
4166
449
2338
2726
4372
289
14
8162
1165
2230
1457
1505
52
5942
3490
6432
5869
8262
4081
5490
1683
6076
557
3850
8773
1142
4306
6115
8185
2980
8172
9936
642
9127
3418
2924
585
8610
8685
5587
4022
8465
8484
2756
7189
1858
703
1651
7711
7117
5438
6077
6882
6182
9769
5108
4259
5455
4945
2695
3148
3019
4233
2954
7210
9340
9191
6740
2491
8615
132
3065
6560
1537
1292
6142
1768
4660
7182
2535
3900
3336
249
1145
6484
5614
6475
1440
4872
4887
1263
5666
8402
1306
7408
1626
867
2561
9344
8745
8525
7138
1534
2310
2254
1907
7554
8022
2097
2698
4805
7885
9114
3174
419
2385
4936
2279
3407
276
4601
7241
7160
6812
2850
481
5434
6442
5519
3736
388
1216
2907
7458
8599
3422
934
8006
7583
1087
5647
1896
8623
4697
714
2842
1936
8429
3499
3479
7390
6668
882
7189
2919
2755
4553
9282
9106
9654
2481
464
2062
699
6431
8004
3190
5092
8396
4623
2255
6001
4640
872
376
8209
9459
6096
7614
6038
4594
9583
6408
6691
2312
2184
1038
593
5202
735
4772
3847
7227
2064
6395
9287
1647
9666
4389
4541
330
9797
1268
4953
6493
7389
5732
6232
1105
7715
227
831
108
8757
8315
2447
4399
4009
8329
1047
1267
1800
8335
9295
5604
9244
5812
4732
7972
8298
8911
6181
1991
6744
9251
7681
5153
8907
5581
2802
2256
7492
9948
6885
9366
5307
8909
5551
3042
7331
9939
5011
8046
5992
6354
2665
4336
3317
7623
7713
880
6155
4739
7753
150
260
1100
2899
9194
5159
1969
7142
2642
7010
7637
2348
7648
3785
2205
3953
6779
3408
7532
9980
2756
9501
9380
2574
5432
3984
5662
3346
8228
3482
8024
2246
4778
5413
2590
7084
2357
2672
5754
579
9020
1429
3712
759
2871
5764
8266
6347
9518
9382
1188
5507
8690
3623
4932
7817
444
3056
7407
9975
9285
410
8760
8478
9013
2342
1326
8462
5782
2126
5662
9785
4724
7057
2964
53
7091
3043
1910
9040
1368
3747
2852
482
9548
4831
6633
8940
7932
6403
9961
9767
1691
8485
4481
6224
9534
9995
9716
972
1252
9846
5481
2973
3668
1706
4168
1527
5326
6859
8057
3854
7673
3131
5311
6950
1667
4595
5068
9090
9752
6732
7830
1655
7240
6358
3976
3425
2514
9447
7845
9609
9985
6516
676
5135
7822
8037
2926
2643
1233
7473
1242
9348
4900
3054
2683
1457
7131
6283
2575
2692
7962
9884
5005
8348
3486
9922
2911
117
5043
8175
1621
550
8786
8558
4373
5691
5850
4768
8252
5080
7136
7265
8242
8977
6111
8177
7976
4125
9544
9338
2122
4546
801
505
3991
530
2516
8304
7764
747
871
9251
5878
7985
9991
2834
8744
1700
2194
8286
8667
3747
5366
1188
5020
6372
4064
216
2019
5897
5641
1683
760
1904
4396
6197
5937
2334
9715
7445
920
1563
5018
4826
4951
8819
9217
8958
6915
8363
1488
9862
596
1172
1927
6680
7689
2383
4393
1639
9393
5995
4256
1313
9076
156
3011
5828
9104
8327
3729
6292
4258
5997
4723
5435
9928
1393
2302
27
707
3566
4642
2493
5000
84
6178
3110
4705
9060
4472
5728
2921
3501
739
1959
4985
3577
8069
8975
1349
3924
7521
4668
8103
4020
8620
9982
9010
7651
9080
2141
1659
8959
5875
3884
1137
8474
5496
3591
7438
5029
1095
8154
8973
4467
2513
8431
8027
1072
6925
1257
7714
7265
5724
1865
2093
6129
4240
697
102
1296
936
2029
7629
123
6530
1189
4468
1672
3444
121
5560
366
9155
938
7432
1154
2738
4330
1906
7493
5852
381
2748
9956
1875
6294
7729
4258
2662
188
9913
6162
8239
6002
7219
771
9670
855
3232
4662
1673
9032
9990
7464
3020
2052
9155
257
6821
9585
5142
2798
1632
4070
9042
3529
9691
1075
6576
7810
6615
8933
7431
7389
8281
1591
5168
2119
8785
9035
2690
5855
9650
400
8658
9791
5339
3986
6418
8153
1502
2681
3421
3549
4615
7654
3146
3644
2022
3925
317
4705
1663
5231
4308
3077
2875
5292
8866
4707
5213
281
9091
3166
1505
4374
1794
564
2014
7234
2087
612
4234
6421
8487
7068
7509
9520
307
8247
1507
3881
3401
5750
7940
9171
2298
7489
9720
3817
6933
4720
1555
2516
1504
7118
8420
8635
90
692
9626
7604
9677
9910
9292
5600
8381
4872
5847
9081
4332
6514
9578
2573
3731
5010
1983
7507
965
9380
4064
9010
3281
5291
2228
742
3467
7550
7941
8943
8948
8178
692
311
3034
6736
6233
6614
5738
2294
9481
8370
8035
5529
4644
8822
7130
5169
7583
1370
6840
7591
4073
7962
5378
2036
3067
9790
3561
6107
1699
4625
1972
8852
5678
5565
3376
481
5124
2534
701
8257
8257
5160
2284
681
4219
9843
8537
7696
8855
6399
1875
218
7866
357
6447
5289
4436
6601
1400
4909
6461
7658
1534
4301
465
254
4337
8345
8370
1111
9860
4667
3689
8495
6888
1993
2307
8254
7444
3601
5537
386
790
6027
6749
227
6982
3768
9622
74
3949
4848
3704
3379
9632
3942
9114
3410
2303
719
812
5456
5003
9638
5626
4657
3201
7999
3940
6217
9104
9728
8742
8012
6823
2789
4285
9222
6567
2226
1615
363
5568
3307
8361
8650
7585
2383
518
3554
6747
7379
2024
3776
9711
4664
1977
7823
1587
3677
251
402
3343
2366
2473
7340
1040
2103
1345
6071
8199
6930
7022
8977
2641
2180
2038
5648
7322
3126
5085
2382
9942
8621
957
8208
1775
2206
7314
5883
8881
9011
5740
7054
4413
5167
9694
7611
4082
6420
9278
1636
6344
1488
9428
2909
8998
9022
3103
6215
8622
4587
982
5840
5346
1579
5953
3184
5225
1578
7911
5150
369
9772
6109
7546
8112
3850
2911
6214
9209
1289
9748
1671
9177
9540
3414
8255
8649
1598
3082
7506
4221
223
9683
2953
6090
3876
9394
5395
7751
8733
1381
9392
6319
1325
1035
3616
1890
9325
331
7132
3339
2810
1157
5717
5702
8771
9034
1175
9065
270
4886
3740
1880
7320
9589
6357
483
5636
3907
9731
5208
4757
512
9341
5813
2382
4372
8091
9056
8621
820
4842
5475
7831
8913
7775
9350
3051
6715
6298
6135
5580
2928
7496
173
7203
2526
5386
1826
6249
1245
99
520
5245
896
8710
1589
2304
1868
9373
7362
5133
5861
2450
7599
5305
559
4698
2372
7027
668
3988
9180
2368
7226
8282
3873
4252
4378
861
3407
5477
7212
447
478
5571
5549
8123
881
9254
5408
486
3446
2473
9944
3922
3021
7996
9645
7695
2331
879
6126
3617
4485
3472
7117
5917
8609
8019
8658
9566
7944
1353
7944
1304
788
7414
6993
9000
9296
1940
1705
9183
4666
2849
6737
4039
5313
4609
8557
3399
8106
5371
8221
4470
403
9194
9013
5853
4170
4792
7144
9150
7328
3273
8805
8077
8161
1424
5239
3439
4603
6918
7227
7454
3059
9617
2289
2309
5912
8635
4254
3340
8058
7142
1774
9247
1623
6565
9419
6451
6701
9862
8877
3693
819
2885
5056
202
7956
5284
893
9662
3719
1677
362
2554
9530
52
419
9584
8628
1813
498
5692
8192
4983
609
206
9208
2965
4902
6935
42
8061
4808
521
9846
994
5904
4149
3854
1283
4042
6591
4385
8771
5604
6331
7487
8823
722
6324
404
2264
7230
5090
3717
7323
4432
5603
7450
13
3536
6275
2032
8390
3072
3562
2177
8146
9755
2507
7298
3326
9635
1294
2342
1099
9511
1765
1966
7201
6421
6393
4952
2700
3618
3390
6559
5402
2505
9415
8075
5018
9445
552
5284
5444
4963
6225
7990
7113
1904
3711
8006
8426
974
1711
6659
8953
6141
4332
8717
5207
5341
91
9581
5096
3826
6156
2654
5502
3870
4576
2592
7654
3245
1077
1917
377
5665
679
2093
9593
4654
7041
9810
2591
461
5876
9582
8047
2194
4495
4975
2946
4757
5168
5715
9056
9182
9910
3932
1491
1965
5725
9080
9511
2891
6390
741
6546
1267
603
6172
6379
5428
1145
9815
3120
1127
3652
4529
5496
2979
2689
7042
1365
215
3539
4474
9621
3578
2091
6987
9118
9942
6174
741
632
4465
4111
7225
4572
2875
7122
9765
412
6540
580
3755
5576
4014
3990
7696
5482
9628
9160
9110
1062
2405
3171
8116
6440
5853
815
2763
2051
6504
4433
3711
2916
1115
1167
602
4243
4640
796
3667
3622
6586
3666
5209
3559
7628
6669
1947
4270
5375
1380
8701
1768
3725
5083
8416
689
4841
8176
6972
5218
5128
1179
3736
714
8158
2362
5048
5161
1728
1445
9211
2986
3190
889
9414
3048
3275
1348
1111
5747
3654
2185
1487
2051
3489
8060
4077
8601
7728
7592
1180
5757
5283
2385
3165
4776
1154
404
1058
6668
4942
7196
8767
919
1716
4695
4594
5832
1615
8620
4945
9028
9355
7074
8264
5498
7475
1498
6008
4432
4155
617
2787
9196
1630
6043
5569
8167
7273
4600
8954
9387
7327
1788
7735
32
7367
5829
8177
7693
4735
9023
4266
9228
1314
7148
8546
1488
3157
1575
6176
5020
6370
7404
2958
4303
3604
5120
6620
1472
2779
1035
8702
4079
8389
2797
423
7595
6170
2133
6830
4111
3156
1005
4949
441
7333
9540
6001
2785
4298
243
431
7171
1929
153
7234
3628
611
9378
4458
4246
6982
8259
1986
9804
2641
3529
8639
5428
1714
8580
675
1134
8305
3511
1062
8197
7327
5427
495
5560
3093
3873
4107
6512
4400
492
6213
7875
9926
546
7180
2853
2800
1997
1768
5724
7083
2880
2828
4278
9266
3409
4029
3122
3201
9349
551
12
4147
1552
4556
3430
2003
8224
7056
7461
4380
5447
8627
135
6211
8636
6630
2725
3884
1892
7950
6407
3572
5578
8969
8659
5355
6550
7250
3243
7990
8380
1329
7283
1804
5635
8917
9992
6005
9421
6897
9410
1437
6733
5550
1797
426
9791
6254
2746
4766
6555
107
1048
9066
8154
4820
7192
258
3463
589
8049
5367
2278
6947
5543
7285
707
6298
8611
3753
4609
2716
3257
9132
6059
9385
1021
6748
2797
5150
9148
6027
6116
6823
5052
968
4343
9233
4383
8742
6225
9024
2847
8599
6864
9883
1989
3301
4396
2637
9094
3387
7710
8819
4626
2669
5005
6291
822
8973
1396
3584
8080
5891
2869
8323
5379
22
4681
5081
2729
5505
9197
9388
3122
4463
3204
2332
5922
9885
5174
665
6085
6990
9517
3097
9574
3393
5292
6371
7479
4482
7341
7137
7044
9993
4281
457
1434
5492
8056
5170
8844
3311
5569
593
9301
9127
2125
975
2873
8283
4946
5428
2042
4454
2626
9058
5232
5275
4545
1227
1049
8715
7216
5981
5819
3460
4453
1788
6009
3474
5611
2929
9849
4233
79
8152
7376
7155
4693
3166
1254
3596
1586
9533
8654
9648
4533
6425
4243
7009
4481
687
9365
366
2547
4718
6122
2003
6808
9416
8719
2305
1494
4097
9782
8230
2022
1807
9937
8805
948
8422
2057
8247
9389
1871
7144
8737
4224
2140
9536
8049
6289
6454
6656
2730
907
7434
5088
1418
1792
5260
3319
9418
7060
964
5807
5741
1225
9532
2966
1610
4156
24
4776
8286
6800
5359
3385
3273
7330
6970
2579
3778
6224
893
7899
4293
4140
7286
3042
6493
9436
8472
5722
9374
1448
4067
3778
1646
7585
7336
9928
3017
1220
9720
8598
2896
8549
489
5695
7156
8431
7807
6020
8582
1289
4364
1051
4335
676
5978
8872
5115
3270
8163
42
8595
324
5610
9882
9465
399
4431
6486
7138
698
245
130
8400
261
3465
7609
7885
5707
7573
5268
7070
2027
5600
9131
1690
9025
1448
27
1805
1252
9299
1328
6149
9995
9743
3874
9811
9337
6644
4400
2025
1370
664
6311
7631
9198
7217
5547
4610
2376
9919
5683
8420
5517
3256
8843
7051
3048
6593
4249
9460
8785
8250
9683
9226
1357
5836
9672
4700
1213
9594
4333
7869
8719
8180
2477
1942
9770
2296
7342
7725
5376
4298
8633
4375
3288
5023
5619
7341
644
6996
3747
776
2273
578
5868
1297
3266
4018
5574
787
8262
7358
2192
7340
7745
8598
2931
8916
8034
4971
9259
1111
1692
3900
2666
840
2920
5902
6511
1424
3467
2926
1083
6502
7030
1561
9115
3818
630
8452
5732
4160
4229
4154
2117
3104
7399
3641
6996
6895
2654
9243
3594
4469
8173
3971
5054
2657
852
6333
3195
7066
692
4144
178
8263
2733
9297
5513
2066
4541
9269
7931
5802
7159
3463
4612
248
124
8328
7420
5192
5823
9873
1576
6133
6493
8235
4433
7237
6376
4372
1645
9098
8329
2406
3526
2595
7227
6387
420
7328
1172
1659
5826
4268
8556
149
7757
3898
9428
2251
4410
2132
2686
9215
8795
2565
6730
4720
3192
51
43
7903
6339
4643
5824
9344
2647
4063
3819
1688
2385
7316
9942
1227
8982
687
5544
7163
6284
8440
9347
7935
2400
8149
7883
1640
1887
2073
9682
5209
3979
5772
5627
9582
7218
6743
5656
5869
1139
28
8196
4024
5372
9920
1178
4764
4280
4490
2146
3688
2796
8249
5660
5912
1370
9105
6010
1797
9168
8544
5693
4204
9068
8235
1699
6479
2453
3476
8956
1824
5608
1030
3320
4760
9385
2892
25
7827
8202
6872
701
1618
6165
5357
9225
1377
8472
3881
4372
6851
9947
4966
3864
8220
458
6044
5793
9663
1033
2738
7743
8726
1626
5318
4069
5907
8360
4443
2758
1681
5708
2730
4294
6661
4116
7664
7906
8418
2779
7797
48
5702
5264
8391
2895
9889
9527
2903
2818
4634
1001
6157
86
9461
3028
9884
8809
9265
5418
5819
2178
3587
3844
2213
3557
1403
6856
4864
5354
620
845
792
8025
37
409
8182
6157
3923
1331
6467
7443
9969
242
2873
2857
1186
6411
4107
7428
3808
9523
4347
434
7210
3659
4682
2144
7776
5317
9470
3780
2525
3012
1471
1938
4884
5977
3761
6263
4574
4782
1340
2756
6274
4148
8150
6169
8712
9648
8679
8546
2373
4558
5982
3784
698
7242
6629
3102
1581
2699
1678
9591
8296
3885
3552
7996
5410
8623
2669
7108
8983
3569
324
150
2166
481
8388
3797
6843
3554
470
6536
2071
4133
9449
6547
1484
8981
9180
5732
9029
668
1118
371
8519
4655
9578
985
2752
7586
2210
6538
2082
9663
5561
484
3947
3624
202
6413
8229
1948
2471
4226
6032
4461
253
7587
9225
1966
6272
7937
4450
8230
7892
5923
3307
5195
6383
8007
6950
7218
7897
4758
591
1280
3627
1892
9535
3919
3140
7616
9883
4584
1890
1903
4495
8829
5960
4191
7667
6921
2274
9532
427
3839
8705
5305
6078
3696
5465
203
731
6763
4890
4562
9815
8624
2308
4078
7406
583
1146
296
6728
1330
7938
9991
1958
6553
3635
7229
2691
6223
105
1847
8334
617
6282
1883
3258
3158
5720
4014
8784
2807
8285
8423
77
9434
7617
5860
4879
3521
4033
4796
3777
5353
3644
8516
2730
4376
9817
5942
4228
4902
2383
3182
1643
3007
536
8542
9162
9229
774
4667
1391
3831
9577
6047
3012
6609
3380
3204
9242
9426
533
9821
7607
3434
8528
2681
4596
1497
2782
1392
1201
8537
1101
4320
8544
9798
20
832
9417
9422
2188
8725
7645
9271
8111
2450
5233
9274
1301
5135
6237
2482
5618
8306
3535
796
4271
2319
486
2263
3636
6245
5845
2430
1120
7834
3843
5601
4274
2483
7917
1615
7578
6942
599
2811
5094
794
3648
1952
5690
4263
5790
2935
978
2438
4949
4865
4901
6917
8666
6731
3618
1629
112
7596
5112
7137
2358
4919
1834
5207
8688
2937
6323
805
7070
1719
7287
4126
938
2003
63
7883
8886
1119
9544
7358
8941
5459
1122
8681
5841
4405
5978
4084
9753
5256
3834
7708
6352
8627
9160
2962
5317
7109
7399
2026
5502
1007
9932
4733
4081
2467
9860
2133
3202
2308
9040
3107
6966
1640
9064
8387
7025
9590
9412
2855
1919
848
1829
3923
811
7673
3773
9452
5260
364
3436
8478
9863
6789
9301
5070
6590
3881
2861
8086
9421
152
7534
111
6489
5682
7959
6722
4442
7891
2420
7820
7509
5174
2978
4480
7142
8843
8396
5943
269
9258
6151
2978
664
6662
1484
6752
3391
4174
8769
4909
2985
1659
701
552
7577
1629
1894
4601
9302
5659
4282
6321
7057
4005
260
9804
2092
7206
1571
385
3656
7939
2742
9558
8378
4600
1761
5303
7516
8686
555
5114
7559
5032
7729
6993
2231
4569
4338
4291
6313
7675
3021
2854
4074
3693
4965
3456
8042
734
5293
6146
7700
6783
4680
3601
7410
1138
1983
5044
6943
4331
1850
2154
9361
9745
1033
618
6577
537
1674
5563
5253
6026
1637
2305
166
7494
7077
8560
5214
9574
5263
7538
2663
5216
1048
4278
9864
9584
3342
2934
9206
7859
6628
486
7828
8754
1574
2531
4440
120
5346
5847
3009
4373
6423
6396
8527
3956
4500
4229
9177
4457
5117
6539
5452
5938
5639
6230
1057
5610
4812
6411
3311
8283
6001
897
6559
3774
3451
2436
4934
5241
7903
3698
9299
2005
7551
8832
4060
2172
3304
7037
9164
7465
9064
4148
6470
9139
146
6074
2780
8156
8368
5522
647
2685
4467
4065
8322
868
7998
3471
3733
915
9770
2258
5476
3653
9562
2626
6410
8994
8986
6025
459
690
6690
1640
6050
8616
9363
3827
6465
4329
3156
3337
7557
9634
1480
9429
1999
1230
1947
6985
8431
1821
157
1726
5535
4151
3871
4378
8448
5474
1168
7511
6992
652
8748
6786
7597
1023
6325
9901
9165
5560
4105
7328
2924
6795
4015
9806
9420
3787
2666
483
7545
6608
759
3793
6668
1409
9913
909
7156
9508
9733
3924
8354
6469
5665
2568
7735
1221
7446
373
9774
3185
9507
2366
4902
6878
6066
8058
36
5677
7297
846
594
6874
7182
298
282
9604
429
9475
2658
8774
8377
1942
8265
6519
9333
8183
9253
828
5484
1121
1775
822
1556
9614
7360
4105
3958
8430
2230
2558
1571
1186
1741
4432
2315
4831
6750
5873
1790
4444
7117
7387
9818
1057
6572
827
9859
3586
8944
7217
4271
3617
6254
5552
436
4757
8037
822
7542
4911
2489
2353
439
3718
7126
4420
1793
670
4102
8669
6754
8038
5142
801
3115
1480
3563
5629
1374
6721
9007
1668
1359
6277
9517
3577
3862
4212
8362
5272
4647
3200
6625
2858
7155
9671
370
8005
7915
1671
6768
3449
2385
8218
129
5322
7789
5885
3434
6988
8703
2711
1189
3330
1761
8493
6041
3554
1707
6037
1290
781
5923
8484
6967
7700
7319
2222
7715
116
4670
3441
3281
9500
3731
4504
94
3183
4289
1243
2482
631
6436
5135
2073
1220
487
3270
6608
8515
1846
5916
7995
6896
9509
3899
9800
1289
5188
3682
3576
1538
8159
8200
7594
2064
2158
8299
6793
3846
1909
2426
9370
7468
436
2720
1707
8058
415
5378
8193
1878
1290
2915
5189
8869
7426
8575
8244
8189
3064
8480
7591
4922
5752
5997
6711
3579
324
9734
9285
2337
8652
3205
5818
8933
2749
328
9352
3052
1348
7927
6051
3943
2443
6852
5974
3830
5037
6916
7764
2239
4515
1880
4201
7693
264
2328
8403
7954
6014
5072
5283
4162
1329
5077
5411
2579
7982
9707
5304
1281
7692
7251
8119
7738
4058
5473
3981
2536
7513
6234
8076
9571
8442
1475
7513
2629
7622
5424
6094
4711
4641
4218
8714
3275
4984
8096
7689
9894
8930
8394
5634
4919
9693
6573
6696
3457
3677
3300
3916
1794
7780
9874
1309
7849
9605
4490
8670
4724
5178
2359
1608
901
5176
1885
9287
6245
3186
5754
6822
799
7216
5131
3474
4585
509
1407
8943
1357
5829
2234
4664
4099
7991
5736
7630
8042
246
4286
6456
3510
78
8549
8628
4777
6510
2669
9643
2894
9271
3671
2510
902
209
7806
2125
778
982
6911
1323
4526
4361
8303
2790
4647
5079
5692
1296
8034
1966
3864
8543
8402
722
50
7929
8381
3193
401
3267
2492
7824
5141
4781
5290
3406
6221
5195
6113
2538
747
4364
7683
7970
3253
2281
5245
5281
9152
1493
9500
2528
7142
2394
790
8074
3053
73
7670
1179
9874
8524
1117
3593
8592
9181
6054
5754
8256
1716
8039
4472
6743
2212
6184
3378
1101
8935
1724
6581
5607
9972
6452
1503
4747
9568
2803
7545
8493
5992
3286
9208
3928
6506
918
7947
4796
9134
4124
1021
6823
8037
6198
8444
7594
8625
5250
5002
75
8739
3466
9635
1200
6719
83
763
1293
2194
3618
4841
103
919
7794
2778
1494
2584
5498
775
1563
8223
3277
6065
2890
1600
8755
9945
8235
4400
9036
6065
6440
1032
5888
4562
2697
1028
4378
2098
3381
3005
6260
9831
9434
7890
8163
1358
6172
1657
5613
1716
7987
7907
1758
7143
8838
1920
1702
3114
5071
990
2403
1610
4255
8159
1516
7425
8418
2324
6393
3988
9042
8818
7325
4169
4184
889
9442
6886
9860
759
581
7500
7901
3838
3269
7374
3653
8975
595
2618
5877
577
5244
3876
7067
8795
1181
9508
5936
3802
5361
5721
5937
2216
3323
4124
2429
5690
6147
9115
153
9500
7187
4285
6296
3827
9804
1323
6649
6145
8427
2747
9752
2620
9778
4815
58
3666
2164
168
2176
1542
5996
1198
1929
3724
902
2962
6450
8455
9908
6888
5022
6400
4450
5160
9202
766
2689
7032
487
9342
5217
4354
1309
687
437
6861
3076
3166
9098
4311
1368
9621
5492
1551
6784
1885
1939
301
3892
5437
8732
1332
4470
9609
155
8451
503
9328
3914
1597
9765
235
4029
7905
3666
7485
9647
5852
3224
6770
3263
9362
1566
1775
8996
1892
2829
4980
6180
398
7270
9220
897
5058
7469
7604
609
3930
7641
6151
195
7335
6617
3466
7197
3919
636
5747
1435
1357
3592
8743
4306
4106
757
4227
610
7432
922
1799
833
2457
1145
6432
5891
6890
4776
9362
3952
4558
757
2524
4978
2452
622
1985
9777
341
6617
5997
235
8220
2825
227
2903
931
8883
2019
1722
6112
7986
8417
8728
7481
6993
6791
2851
1171
5812
6207
81
1370
4017
7547
323
262
259
9749
2294
1758
3022
3809
9173
3282
2486
4371
2625
8025
6528
7463
1399
3752
5894
43
2812
3464
1435
9832
2746
9315
6409
4821
4562
3827
5992
7101
1037
5921
9891
9162
7966
5379
8261
5864
3520
7310
5388
2852
6796
4592
834
4008
6230
1617
6786
3870
6614
5940
1476
2642
7961
8770
2754
3819
5057
8651
1382
2904
3164
7248
5785
4653
1123
4862
1219
8067
2328
617
3103
37
3915
4944
886
3709
5632
1374
4565
1166
1170
3660
1682
7946
4692
3917
5343
6692
4671
7081
2053
1718
1994
4875
4331
3635
8071
7849
2840
7871
6166
2947
2322
4783
6687
359
6526
5593
3009
3445
7450
8858
5246
5753
6965
8940
5981
9715
3532
6460
2205
4536
7976
9346
2770
7841
6974
2306
8534
7377
6494
4774
6338
2856
4353
899
1147
3255
4029
1628
8843
6862
6066
3725
2778
7374
1689
7632
7061
2504
3181
9072
3560
3580
6321
2659
8462
1324
423
8430
7789
6308
8114
3434
1385
1910
4485
9905
6852
983
700
3943
3729
8714
6213
5470
756
3874
2473
9865
473
3762
7112
9769
3975
5974
3214
8777
8755
5359
3692
5459
620
5213
8902
1200
9666
5888
9166
1721
1992
4741
9549
5093
492
6189
2844
4976
5056
3785
8984
2630
5764
9455
681
7275
4116
9131
6569
3189
433
228
8318
304
8929
2953
5299
1837
6464
6599
4169
8684
3984
2542
4975
3846
9667
8892
6950
5072
5945
4132
1282
3932
4840
4867
403
3248
2624
7144
147
6653
1353
2982
3187
2455
7264
6870
830
8570
2523
3649
3648
5243
6836
8272
8166
4760
9484
9543
5864
9938
310
6150
5198
2224
3468
8064
1066
2150
8388
6031
3061
5091
3466
2560
5870
6685
7848
1959
6289
4533
7292
2681
4918
7260
5543
9549
3274
2066
9528
54
5901
3426
8873
235
2390
8953
9656
1375
4299
8671
6080
1250
8065
4386
5726
926
5270
6467
3444
265
8129
3881
7437
6387
4669
6592
3728
5021
4456
1886
9572
466
1453
1192
1356
2671
282
8600
7549
3783
1885
7628
7198
7536
2371
4972
5530
2593
7275
6955
1212
2580
3019
3934
4955
5293
6266
3821
5894
1994
4314
42
5674
4861
4353
6933
8042
1284
5171
347
8675
8289
7393
1473
7863
5661
2981
1660
6987
5880
8963
6350
2075
6733
3594
9265
1499
2416
5687
2716
5140
2987
6200
5143
2523
3719
2280
9004
8719
1419
7644
7275
3274
1822
4126
8959
8421
4468
9198
5844
8483
6159
9968
2169
4993
4240
3026
3942
1009
7067
9180
1345
2130
5570
8069
1205
3685
3649
4047
9275
4959
1382
8042
184
8433
9187
6045
6019
7768
9094
5724
1759
1274
3804
3283
9247
3286
7566
6811
1382
8405
1312
3809
5143
3988
2567
2431
592
6874
8568
4890
9788
1748
1604
503
4878
2112
2956
9041
6872
2083
8450
5444
6235
5208
58
309
2175
7819
7025
5262
5451
3852
6035
350
4371
9365
1523
8988
9876
5201
3473
4358
4462
8075
4457
7031
6191
3662
6027
6624
817
2769
3670
6377
6677
5273
4324
7637
6573
9269
4978
3482
5357
8608
9351
2363
6194
8230
8071
3013
7705
8692
8959
2072
6617
124
6820
3651
7030
4595
4722
4058
5785
6718
9232
138
1410
750
6975
1011
2015
9887
4618
4094
1733
7381
6349
673
3652
1574
4336
8729
211
3168
6713
9766
8188
3819
1595
7029
763
2252
5223
8257
2996
9463
2848
9528
4904
407
7334
4145
2017
4501
5197
3018
6565
6964
7481
7387
2265
1912
9096
4154
509
8986
7205
3799
4679
4830
5648
8255
1718
9767
3331
1760
9940
9876
4049
7876
2753
5511
7130
1984
9556
2632
354
5043
5821
4222
4504
9297
865
6293
1262
2059
4645
3156
2019
2821
1060
7106
323
8702
5025
6083
992
9871
9695
5869
619
7715
8353
4975
2475
4573
2580
9544
3581
2100
4102
9890
7201
8347
7334
1716
3429
6930
3221
9245
2541
247
1584
7670
2223
6650
5817
382
4001
6843
2697
3361
9488
9428
2410
6125
2254
6132
9942
9584
9924
5104
4232
6503
8561
79
4961
1673
4244
5951
134
4652
8929
5670
2366
6462
4310
5039
3444
9432
9999
8206
8155
6734
9629
1272
1426
2108
177
2106
5425
3296
8701
3800
2164
884
1570
5972
5646
9660
2797
7941
1359
527
147
8306
6370
5349
7315
6151
93
4209
3855
2001
2316
7056
3024
2235
5917
9439
3316
6523
5562
6819
3188
8834
5733
7890
2539
963
7761
3344
6349
4002
379
1613
3929
5645
7023
674
2347
877
5406
2053
9734
524
9893
989
9927
7936
8254
6815
2580
67
2979
3856
226
8102
4506
1945
2374
7530
3853
9422
5067
2112
3040
8559
626
4874
7800
5954
6361
4354
2439
7960
9251
4540
552
5595
9969
7132
8957
7937
9673
8032
3134
6466
6669
4751
375
239
1060
1966
4337
5108
1503
1063
7353
6727
2528
4947
6418
6281
6044
3016
7769
9670
201
9462
5920
1184
3237
9119
6321
5322
3902
7982
7812
4596
4175
512
1906
1410
9107
9714
7021
5778
2561
228
3148
5060
4771
4481
355
8804
2256
8977
2779
6432
1000
4221
4025
1409
3480
9978
7795
4881
5777
8693
1766
3156
7140
912
6564
1635
7615
2981
5855
6977
5028
8314
2680
8125
2130
7257
1390
1714
8003
3655
1740
1059
6201
3458
5677
9061
7091
156
8204
9737
3458
4713
726
8982
3328
1965
9954
4743
9157
5364
8075
7838
3196
5204
339
1631
7660
5108
2719
5525
9796
4648
5201
4078
6523
7539
3611
3833
3908
5313
7362
7150
3231
400
9855
5652
9567
2452
6109
5684
2165
3996
974
9363
70
1005
5135
8735
1355
8444
5459
279
4038
9644
1133
8769
7769
3549
9641
2577
3623
8579
1705
1887
9446
506
3716
1158
5669
798
9847
907
6852
5517
9400
3238
5056
6978
8441
5987
2810
3759
1334
3851
7708
1693
5649
2790
4244
6096
663
1599
5863
9911
6420
7434
6767
1098
3791
8009
2281
4445
8185
3209
7992
4156
4146
1992
7151
7516
4891
8010
3593
9352
166
6720
1614
3272
6408
3650
9376
7747
6414
9251
9917
3455
4482
6688
3419
5311
6818
5127
6162
992
4670
3114
6637
7283
176
4181
1967
5058
2163
9553
4924
4205
6801
8960
6614
2910
2559
7921
2943
4782
1516
8385
3227
9217
9502
5756
6133
4188
4782
1371
2154
3797
1035
8146
447
3063
6929
334
1893
45
6367
8383
2478
5285
1143
8688
1815
1980
7748
3765
5793
408
6287
9740
6453
5219
1946
4243
8447
642
6354
5070
3850
7792
10
1551
6008
2557
5968
424
2742
8202
2131
1240
832
2405
362
9211
9274
6995
8114
8010
530
6330
8260
7242
9316
2019
9725
2737
3984
7659
3445
5855
568
4259
3901
7804
7117
5031
9124
9369
7222
4945
3070
8603
1865
1542
3055
5859
8881
189
9159
6339
7830
238
4538
8308
5178
9504
2281
3135
3452
6628
8384
3672
3811
9870
1728
1951
2314
8891
295
1469
8187
9512
65
7533
7088
8974
6174
6985
8617
629
4183
9538
8596
9970
2148
9034
8212
8899
8346
3401
9202
1620
5925
798
3642
3342
7994
4831
636
1183
8266
8500
3969
7800
641
3323
5921
9034
9822
1332
6224
3086
5597
1300
2094
343
3206
3363
1773
6006
2926
8554
7195
1459
8793
2083
6903
1567
3754
8132
1425
4426
4607
7602
8370
8929
3285
6885
2040
2694
559
960
4485
2015
5185
7539
9478
1893
363
9706
4968
8501
6780
1477
9488
5211
726
7686
5233
4984
3277
652
4358
4556
4247
5365
3808
7259
3438
7524
5353
5401
4367
3083
6820
5385
9461
8711
4175
2114
5122
4871
1682
2078
1032
3765
5574
3019
2691
502
4565
8007
9973
2644
8102
6737
7519
7413
641
5478
3112
9168
3904
2249
398
5699
6261
5106
5074
3507
902
6346
627
9544
5960
6408
8883
5954
1565
2853
2067
6320
9717
7194
453
3970
1225
4525
5010
5784
5183
6091
193
624
3503
7255
2912
3064
6243
7347
3954
6698
1646
1593
9923
3288
9983
9685
7073
7587
1103
1786
4577
5095
9220
1783
4840
2680
9108
6504
5026
6606
2249
8552
3727
773
1712
5686
3424
2657
8805
8267
9730
4743
4919
7403
3517
215
877
1416
2815
5033
1083
4077
9786
1085
5603
5869
6008
3994
1861
2210
4321
5453
3601
3290
1345
1658
1164
8649
1325
3003
8585
773
2598
2330
3611
7394
4524
97
2115
9078
7582
3680
1017
5482
1019
4941
8522
9003
2767
5199
2298
8115
8973
7328
3013
8896
5558
3681
7186
7321
3329
2702
4453
3436
5812
9730
178
9112
4572
2119
9644
6140
7835
4418
1961
3209
4621
3680
6551
5371
3656
6181
2620
9733
5064
8868
2023
2662
8156
5649
1122
2329
8886
4447
3306
9999
9722
1751
9004
4923
4802
2982
9439
2745
1777
1400
6204
6014
5386
5301
8419
8073
2927
4415
7722
1919
1664
8444
4244
5178
6173
1737
5160
1013
4549
5638
331
9856
2557
4878
742
6460
3523
2241
6516
4129
1675
7838
5904
8161
6332
8489
8757
9913
6824
3539
5057
8767
1946
7920
1726
6471
440
3005
7748
6838
9930
7016
2513
576
5511
944
6665
6752
4509
7953
120
662
7894
8087
6263
3073
4078
8507
1117
3709
2437
2111
4222
2798
4270
2940
8125
3790
1217
1672
5858
6209
6294
5500
1551
4149
8650
9778
6699
4705
9199
3869
1386
4789
5832
5632
3977
3214
384
5227
1348
2619
7146
9661
4698
1485
4977
5914
2440
628
4129
4314
1042
5863
3076
162
8005
5740
5029
5083
1214
3599
8536
6592
4675
9750
8472
312
5518
2402
9248
5186
5090
1082
18
7018
7358
4609
9969
513
8037
4120
6750
2172
7567
4752
5562
9421
3511
493
8314
2821
7372
2522
3497
9881
9951
1505
1655
8118
1059
3229
4869
4449
9266
6655
750
2747
7393
5204
5583
7651
6744
3950
8965
8762
7492
2974
7544
8456
1417
6403
8227
5174
3696
4467
1735
4425
3949
1089
4859
6936
7185
1803
8959
1020
1283
3638
7748
445
9149
6531
3431
7376
8551
1684
9006
7569
7848
8141
7119
5987
7375
2252
8626
6877
5478
3975
7968
4452
6048
6486
9246
8571
1293
9985
6894
3910
8924
2220
3780
5963
8783
1192
5669
5851
4610
3013
733
1866
2639
3705
1389
9943
7260
5734
9579
3704
1335
5618
4038
3382
1309
5247
5933
4594
5063
3410
1815
7783
6503
5221
2622
664
4740
4672
722
3980
2455
1682
631
96
9243
1510
9931
478
6013
4814
6790
4652
4739
2185
4797
6260
6073
1175
9259
5712
518
7207
238
7973
3099
1071
3141
4799
4432
6753
8873
4902
7650
2025
1037
2247
2953
5297
8867
8732
7213
3011
2923
9633
9090
9345
5973
7500
7045
9023
7410
1110
6596
9044
5861
8093
199
1029
5432
4288
7767
2500
2465
7710
2152
6461
4998
2257
5432
2860
8876
9844
7296
1451
6346
3964
9032
7876
7559
2803
5591
4185
982
9870
6951
7240
6619
9246
1464
9535
2582
4675
8050
8971
5415
1098
5189
7174
747
9750
2181
4332
8928
7767
2049
2252
4571
7565
2503
4178
1684
6792
4880
8291
741
5163
1261
2043
6265
3113
5340
9494
7816
8385
9813
8771
3337
5007
9220
9447
5421
6988
5628
6200
3685
2509
1218
4694
7164
1628
7950
2147
6155
68
3803
9380
1329
2035
5545
1721
9395
9667
2846
3333
3337
3528
8721
2233
9625
4460
4186
3875
8034
5446
5834
7545
9247
2274
9332
3481
8697
2170
1170
7201
8187
1312
3795
5833
28
6254
6626
6093
9085
4461
250
1133
2739
2815
7817
8636
5919
517
6411
5202
1959
3474
2114
6177
1021
1758
5559
9844
2985
9819
3748
5648
225
7959
9346
9013
7748
3316
2604
9654
136
887
4189
1017
8894
4951
3813
2119
5410
2519
525
2522
3152
3148
2764